9.760498918193458717e-01 2.062460242132010624e+00
9.950841376628039026e-01 2.014935922909983912e+00
2.042935543765556083e-01 1.482928020356019339e+00
8.092022298061385399e-01 1.815517401932222219e+00
9.130090841479179264e-01 1.920351249116729164e+00
1.239595419881097227e+00 2.246825230821538621e+00
9.791650944662476652e-01 1.967723622239146319e+00
1.726998405168554296e+00 2.291746722096790645e+00
1.005673755260856117e+00 1.997111973851632083e+00
5.844909362780769113e-01 2.275103571625973764e+00
6.783558390596277077e-01 2.031007768600236130e+00
1.026417138513293636e+00 2.040412076288429688e+00
1.242819294185192547e+00 2.155389156598825906e+00
7.800574438310341474e-01 1.438015775095900839e+00
5.993271041899450591e-01 1.683261879795971749e+00
7.652195190546060566e-01 2.017961735924490352e+00
7.771493765730478342e-01 1.843668746424371729e+00
1.334719208168992921e-01 1.753853331759762435e+00
9.120559694891758884e-01 2.036641286511621907e+00
7.077648489013559363e-01 2.005473391088978374e+00
1.267864871380324443e+00 2.348781892505975577e+00
4.586273830380310779e-01 2.025465884121423255e+00
1.486948133953617468e+00 2.199431320013935043e+00
7.576066616305034973e-01 2.321740788249988086e+00
9.075300853304196780e-01 2.087635438381970410e+00
7.250779259496680229e-01 1.749823804618903633e+00
3.430643226292993120e-01 1.378019275271298305e+00
1.221290192317189049e+00 1.731073159523337068e+00
4.622472085571298628e-01 1.880034607299814420e+00
6.342520208312834029e-01 1.929429414458335490e+00
1.231678238396393343e+00 1.994811666029668640e+00
9.358328896302938738e-01 2.024196200033192561e+00
1.558692880927131208e+00 2.513868900787806560e+00
9.882323611936908447e-01 1.980153092338474030e+00
7.859113761845283319e-01 2.006821076824568451e+00
1.118700554503423206e+00 2.242160254025052257e+00
8.423155419931638299e-01 1.886947707194278845e+00
4.390283941191123196e-01 2.052044588000975001e+00
1.008885659585575301e+00 1.756522180329000316e+00
1.081373139836054875e+00 2.250028486911584746e+00
1.067714049926331343e+00 2.095734866599039403e+00
1.428945877151959420e+00 1.725964270240880838e+00
5.863607725668773529e-01 2.210866941410549291e+00
9.946030710638460448e-01 2.056439303612271896e+00
1.759824334343493168e+00 2.519922252355690340e+00
1.085380258496217776e+00 1.813924299155237341e+00
1.138925505741784860e+00 2.068047747845398909e+00
1.298814508804026824e+00 2.329623465246561054e+00
1.073550884992309662e+00 2.244555419530955387e+00
1.093619956813341343e+00 1.996159339523094545e+00
1.028034127244278562e+00 1.706750260846036316e+00
1.302227908466910833e+00 1.935863582778525771e+00
1.072522686251868862e+00 2.033178828193956011e+00
8.378165677128623923e-01 2.015501400152123868e+00
3.733729848844135057e-01 2.073680674013272718e+00
1.067127010674023380e+00 1.956902926048812663e+00
1.192335815492465034e+00 2.033068327339169645e+00
8.460615853104658246e-01 2.163070388363724561e+00
9.183494535612973797e-01 1.892119704366471256e+00
1.063434996084623441e+00 2.108550010508254413e+00
1.226965893275726582e-01 1.572152152280750892e+00
8.667389488779264628e-01 1.972742802465566214e+00
1.104511418850943283e+00 2.557317656720549337e+00
7.319887375542046826e-01 1.850635080292597490e+00
7.221301274399576364e-01 1.830991774673642158e+00
9.000233952236479373e-01 2.062136888440894822e+00
1.085866454933216430e+00 2.334431957094277976e+00
1.557109407696564585e+00 2.232115488699629502e+00
7.493207334405398434e-01 1.701160859155246285e+00
6.625777321945888199e-01 1.596122623119530459e+00
1.431581605973113458e+00 2.477529644365965567e+00
1.224452693130168690e+00 2.213720176059911893e+00
6.550469517660746366e-01 2.118885818595027892e+00
1.401369703343112061e+00 2.061168474660699523e+00
1.101303289322081325e+00 1.906417882062010793e+00
7.225144891756769550e-01 1.387445757211101416e+00
1.225824132203522376e+00 1.711136795878830830e+00
8.193116250957224178e-01 2.116612944067143953e+00
1.778594640262130655e+00 2.219051599377797945e+00
7.956808769505905321e-01 2.145196014092684678e+00
1.147629505993975618e+00 1.940201717792580105e+00
9.676686744017863884e-01 1.876415339533095805e+00
1.161144209302046093e+00 1.911635547569180860e+00
1.212588881227564697e+00 1.973928145308655902e+00
1.196501532097593135e+00 2.054149757524201814e+00
6.614841005254241679e-01 2.231545032475314549e+00
1.494082379253489856e+00 1.745901266354636938e+00
9.100663037070083616e-01 1.961926109128042217e+00
1.206343032770773149e+00 2.337634706118375760e+00
9.605239912570021632e-01 1.853511908686728216e+00
1.073403434386952293e+00 2.024478890908310458e+00
9.920397847801598612e-01 1.793711416653674950e+00
1.240429757126522814e+00 2.607589877864617822e+00
1.762325106750531001e+00 2.230810917496197643e+00
1.391540220040853537e+00 2.608719429099017439e+00
1.587702773969754011e+00 2.453299811653102847e+00
1.078941168961688568e+00 2.097684092603373518e+00
1.604828915182424875e+00 2.499052712028786871e+00
1.665004290346055793e+00 1.966644291206219419e+00
1.651302350026015997e-01 1.770292883281822771e+00
