9.490294638683843687e+01
8.738812625293913072e+01
8.089103702677826391e+01
8.050050506787736992e+01
6.799191868225219082e+01
6.158153061615699642e+01
5.197165102118543700e+01
5.307088187997904782e+01
4.438648186849520982e+01
4.129741627226814416e+01
3.668515936866105420e+01
3.095117466034501064e+01
2.362931957500327940e+01
2.311534124103338428e+01
1.489356496448011669e+01
9.006472368255584726e+00
1.033649826659909365e+01
4.399661294865383709e+00
2.004935795639962937e+00
1.854063314305569143e+00
-3.883425513982178945e+00
5.031411497549935774e-01
-9.651224328985692935e+00
-9.115524340843499829e+00
-1.359383121941481853e+01
-1.054804221804827336e+01
-9.528470152472969801e+00
-1.115446649165925130e+01
-1.555319364516781988e+01
-1.456297685249507623e+01
-1.969942159681272287e+01
-1.433313368089671513e+01
-1.589928982041774219e+01
-1.270329778255749176e+01
-1.926483651300363320e+01
-2.027824819432150605e+01
-1.781998014154665810e+01
-1.924450785862308777e+01
-1.507262170182843874e+01
-1.287572932906823553e+01
-1.650934994783051479e+01
-1.892124085401168188e+01
-1.867689198574658249e+01
-1.525061917768222841e+01
-1.198812525471737445e+01
-1.555641258762575063e+01
-7.232933344950062349e+00
-7.256162556326950508e+00
-1.399882317887799488e+01
-9.501320127776402558e+00
-9.293315316117917391e+00
-6.770779408782761521e+00
-1.222760992791775081e+00
-1.154815922609845558e+00
-4.367352549088149516e+00
-7.827945099376311333e+00
-4.954826211713562856e+00
-1.596952605542139469e+00
-6.156258851968126500e+00
-5.760941491808760695e+00
-1.766485698435010354e+00
1.723859772775615307e+00
3.570384029886156885e+00
-2.680260583450678968e+00
-1.970207356345089700e+00
6.169327050392086065e-01
3.505022863659502441e+00
-8.201916291334003795e-01
2.576128505537530700e+00
-2.861654731272527563e+00
-5.819387818176782190e-01
-5.135437806115286108e-01
-3.077698810609696523e+00
-2.310317017667566475e+00
-7.097904192182837413e+00
-3.324671209503213376e+00
-6.235960714173143238e+00
-2.015705515741750276e+00
-4.766857848646385065e+00
-5.294502413443776589e+00
-1.714608089712276495e+01
-1.026910113262298196e+01
-1.298471331169272958e+01
-2.032374270927366666e+01
-2.047272800156986960e+01
-2.409582548629693832e+01
-2.598543636602297369e+01
-3.442480827545755773e+01
-3.933666354814592125e+01
-4.588450912862784747e+01
-4.266392411387320038e+01
-4.780793030724302639e+01
-5.989112143737045102e+01
-6.390216170858968781e+01
-6.479079970267331134e+01
-7.324437075436497935e+01
-8.134322388565026074e+01
-9.019903947375394182e+01
-9.582941406352439628e+01
-9.823073703688882574e+01
